col0,col1,"Metadata:CTA:[0],CPA:[[0, 1]]"
[VSR2011] UDS19,34.2988667,[0]
NGC 2146,94.657125,[0]
