col0,col1,col2
Berlin,Teltow Canal,"Altes Stadthaus, Berlin"
Bad Doberan,Bay of Mecklenburg,Mecklenburgische Bäderbahn Molli GmbH
